2024-12-22 19:29:31.155444 INFO::Writing function arguments to log file
2024-12-22 19:29:31.166904 DEBUG::Function arguments
2024-12-22 19:29:31.169613 DEBUG::Output folder: Maaslin2_output_megahit_genes_rpkm
2024-12-22 19:29:31.172068 DEBUG::Min Abundance: 0.000000
2024-12-22 19:29:31.174022 DEBUG::Min Prevalence: 0.200000
2024-12-22 19:29:31.177068 DEBUG::Normalization: TSS
2024-12-22 19:29:31.182306 DEBUG::Transform: LOG
2024-12-22 19:29:31.184703 DEBUG::Analysis method: LM
2024-12-22 19:29:31.186897 DEBUG::Max significance: 0.250000
2024-12-22 19:29:31.188861 DEBUG::Random effects:
2024-12-22 19:29:31.191303 DEBUG::Fixed effects: status
2024-12-22 19:29:31.19328 DEBUG::Correction method: BH
2024-12-22 19:29:31.199774 DEBUG::Standardize: TRUE
2024-12-22 19:29:31.2034 DEBUG::Cores: 1
2024-12-22 19:29:31.206059 INFO::Verifying options selected are valid
2024-12-22 19:29:31.211096 INFO::Determining format of input files
2024-12-22 19:29:31.223447 INFO::Input format is data samples as rows and metadata samples as rows
2024-12-22 19:29:31.234557 DEBUG::A total of 18 samples were found in both the data and metadata
2024-12-22 19:29:31.23885 DEBUG::Reordering data/metadata to use same sample ordering
2024-12-22 19:29:31.242009 INFO::Formula for fixed effects: expr ~  status
2024-12-22 19:29:31.252177 INFO::Filter data based on min abundance and min prevalence
2024-12-22 19:29:31.256867 INFO::Total samples in data: 18
2024-12-22 19:29:31.261076 INFO::Min samples required with min abundance for a feature not to be filtered: 3.600000
2024-12-22 19:29:31.270021 INFO::Total filtered features: 16
2024-12-22 19:29:31.274263 INFO::Filtered feature names from abundance and prevalence filtering: nimJ, tet.Q., vanY_gene_in_vanF_cluster, tetR, nimA, nimI, ErmF, pmrA, qacJ, vanH_gene_in_vanF_cluster, ANT.2....Ia, APH.3...IIIa, Neisseria_gonorrhoeae_gyrA_conferring_resistance_to_fluoroquinolones, tet.W., vanH_gene_in_vanO_cluster, vanH_gene_in_vanP_cluster
2024-12-22 19:29:31.284269 INFO::Total filtered features with variance filtering: 0
2024-12-22 19:29:31.288372 INFO::Filtered feature names from variance filtering:
2024-12-22 19:29:31.292254 INFO::Running selected normalization method: TSS
2024-12-22 19:29:31.301472 INFO::Applying z-score to standardize continuous metadata
2024-12-22 19:29:31.324625 INFO::Running selected transform method: LOG
2024-12-22 19:29:31.337688 INFO::Running selected analysis method: LM
2024-12-22 19:29:31.350462 INFO::Fitting model to feature number 1, APH.3....Ib
2024-12-22 19:29:31.384283 INFO::Fitting model to feature number 2, Haemophilus_influenzae_PBP3_conferring_resistance_to_beta.lactam_antibiotics
2024-12-22 19:29:31.408568 INFO::Fitting model to feature number 3, TEM.1
2024-12-22 19:29:31.433495 INFO::Fitting model to feature number 4, patB
2024-12-22 19:29:31.454505 INFO::Fitting model to feature number 5, sul2
2024-12-22 19:29:31.471981 INFO::Fitting model to feature number 6, tet.M.
2024-12-22 19:29:31.492981 INFO::Fitting model to feature number 7, vanT_gene_in_vanG_cluster
2024-12-22 19:29:31.520974 INFO::Fitting model to feature number 8, vanW_gene_in_vanI_cluster
2024-12-22 19:29:31.536759 INFO::Fitting model to feature number 9, vanY_gene_in_vanB_cluster
2024-12-22 19:29:31.560078 INFO::Fitting model to feature number 10, vanY_gene_in_vanM_cluster
2024-12-22 19:29:31.575709 INFO::Fitting model to feature number 11, CfxA3
2024-12-22 19:29:31.590014 INFO::Fitting model to feature number 12, ErmX
2024-12-22 19:29:31.608842 INFO::Fitting model to feature number 13, mdeA
2024-12-22 19:29:31.633677 INFO::Fitting model to feature number 14, patA
2024-12-22 19:29:31.651698 INFO::Fitting model to feature number 15, qacG
2024-12-22 19:29:31.669405 INFO::Fitting model to feature number 16, vanW_gene_in_vanG_cluster
2024-12-22 19:29:31.687918 INFO::Fitting model to feature number 17, vanY_gene_in_vanA_cluster
2024-12-22 19:29:31.708575 INFO::Fitting model to feature number 18, vanY_gene_in_vanG_cluster
2024-12-22 19:29:31.726237 INFO::Fitting model to feature number 19, APH.3...Ia
2024-12-22 19:29:31.747463 INFO::Fitting model to feature number 20, APH.6..Id
2024-12-22 19:29:31.765717 INFO::Fitting model to feature number 21, CfxA2
2024-12-22 19:29:31.784022 INFO::Fitting model to feature number 22, tet.32.
2024-12-22 19:29:31.807407 INFO::Fitting model to feature number 23, Escherichia_coli_EF.Tu_mutants_conferring_resistance_to_Pulvomycin
2024-12-22 19:29:31.833838 INFO::Fitting model to feature number 24, ErmB
2024-12-22 19:29:31.866184 INFO::Counting total values for each feature
2024-12-22 19:29:31.872797 INFO::Writing filtered data to file Maaslin2_output_megahit_genes_rpkm/features/filtered_data.tsv
2024-12-22 19:29:31.887576 INFO::Writing filtered, normalized data to file Maaslin2_output_megahit_genes_rpkm/features/filtered_data_norm.tsv
2024-12-22 19:29:31.905282 INFO::Writing filtered, normalized, transformed data to file Maaslin2_output_megahit_genes_rpkm/features/filtered_data_norm_transformed.tsv
2024-12-22 19:29:31.918749 WARNING::Deleting existing residuals file: Maaslin2_output_megahit_genes_rpkm/fits/residuals.rds
2024-12-22 19:29:31.932819 INFO::Writing residuals to file Maaslin2_output_megahit_genes_rpkm/fits/residuals.rds
2024-12-22 19:29:31.939745 WARNING::Deleting existing fitted file: Maaslin2_output_megahit_genes_rpkm/fits/fitted.rds
2024-12-22 19:29:31.94577 INFO::Writing fitted values to file Maaslin2_output_megahit_genes_rpkm/fits/fitted.rds
2024-12-22 19:29:31.952656 INFO::Writing all results to file (ordered by increasing q-values): Maaslin2_output_megahit_genes_rpkm/all_results.tsv
2024-12-22 19:29:31.964577 INFO::Writing the significant results (those which are less than or equal to the threshold of 0.250000 ) to file (ordered by increasing q-values): Maaslin2_output_megahit_genes_rpkm/significant_results.tsv
2024-12-22 19:29:31.973089 INFO::Writing heatmap of significant results to file: Maaslin2_output_megahit_genes_rpkm/heatmap.pdf
2024-12-22 19:29:31.989897 INFO::Writing association plots (one for each significant association) to output folder: Maaslin2_output_megahit_genes_rpkm
2024-12-22 19:29:31.997396 INFO::Plotting associations from most to least significant, grouped by metadata
2024-12-22 19:29:32.003337 INFO::Plotting data for metadata number 1, status
2024-12-22 19:29:32.02003 INFO::Creating boxplot for categorical data, status vs TEM.1
